#format:  ra_h ra_m ra_s dec_d dec_m dec_s i
-00 04 46.757 -31 01 06.976 1.0
-00 04 46.076 -30 47 26.919 1.0
-00 04 45.403 -30 33 48.906 1.0
-00 04 44.737 -30 20 08.925 1.0
-00 04 44.080 -30 06 30.962 1.0
-00 04 43.429 -29 52 51.006 1.0
-00 04 42.787 -29 39 13.041 1.0
-00 04 42.150 -29 25 33.057 1.0
-00 04 41.522 -29 11 55.040 1.0
-00 04 40.901 -28 58 14.976 1.0
-00 03 42.963 -31 01 14.577 1.0
-00 03 42.433 -30 47 34.501 1.0
-00 03 41.910 -30 33 56.470 1.0
-00 03 41.392 -30 20 16.471 1.0
-00 03 40.881 -30 06 38.491 1.0
-00 03 40.375 -29 52 58.517 1.0
-00 03 39.875 -29 39 20.536 1.0
-00 03 39.380 -29 25 40.535 1.0
-00 03 38.892 -29 12 02.501 1.0
-00 03 38.409 -28 58 22.421 1.0
-00 02 39.325 -31 01 20.263 1.0
-00 02 38.946 -30 47 40.173 1.0
-00 02 38.573 -30 34 02.129 1.0
-00 02 38.203 -30 20 22.117 1.0
-00 02 37.837 -30 06 44.123 1.0
-00 02 37.476 -29 53 04.136 1.0
-00 02 37.119 -29 39 26.142 1.0
-00 02 36.765 -29 25 46.129 1.0
-00 02 36.416 -29 12 08.083 1.0
-00 02 36.071 -28 58 27.992 1.0
-00 01 35.533 -31 01 24.063 1.0
-00 01 35.305 -30 47 43.964 1.0
-00 01 35.081 -30 34 05.911 1.0
-00 01 34.859 -30 20 25.889 1.0
-00 01 34.640 -30 06 47.887 1.0
-00 01 34.423 -29 53 07.892 1.0
-00 01 34.210 -29 39 29.889 1.0
-00 01 33.997 -29 25 49.868 1.0
-00 01 33.788 -29 12 11.814 1.0
-00 01 33.581 -28 58 31.714 1.0
-00 00 31.896 -31 01 25.958 1.0
-00 00 31.820 -30 47 45.855 1.0
-00 00 31.745 -30 34 07.797 1.0
-00 00 31.671 -30 20 27.771 1.0
-00 00 31.598 -30 06 49.765 1.0
-00 00 31.526 -29 53 09.765 1.0
-00 00 31.454 -29 39 31.758 1.0
-00 00 31.383 -29 25 51.732 1.0
-00 00 31.314 -29 12 13.674 1.0
-00 00 31.244 -28 58 33.571 1.0
00 00 31.896 -31 01 25.958 1.0
00 00 31.820 -30 47 45.855 1.0
00 00 31.745 -30 34 07.797 1.0
00 00 31.671 -30 20 27.771 1.0
00 00 31.598 -30 06 49.765 1.0
00 00 31.526 -29 53 09.765 1.0
00 00 31.454 -29 39 31.758 1.0
00 00 31.383 -29 25 51.732 1.0
00 00 31.314 -29 12 13.674 1.0
00 00 31.244 -28 58 33.571 1.0
00 01 35.533 -31 01 24.063 1.0
00 01 35.305 -30 47 43.964 1.0
00 01 35.081 -30 34 05.911 1.0
00 01 34.859 -30 20 25.889 1.0
00 01 34.640 -30 06 47.887 1.0
00 01 34.423 -29 53 07.892 1.0
00 01 34.210 -29 39 29.889 1.0
00 01 33.997 -29 25 49.868 1.0
00 01 33.788 -29 12 11.814 1.0
00 01 33.581 -28 58 31.714 1.0
00 02 39.325 -31 01 20.263 1.0
00 02 38.946 -30 47 40.173 1.0
00 02 38.573 -30 34 02.129 1.0
00 02 38.203 -30 20 22.117 1.0
00 02 37.837 -30 06 44.123 1.0
00 02 37.476 -29 53 04.136 1.0
00 02 37.119 -29 39 26.142 1.0
00 02 36.765 -29 25 46.129 1.0
00 02 36.416 -29 12 08.083 1.0
00 02 36.071 -28 58 27.992 1.0
00 03 42.963 -31 01 14.577 1.0
00 03 42.433 -30 47 34.501 1.0
00 03 41.910 -30 33 56.470 1.0
00 03 41.392 -30 20 16.471 1.0
00 03 40.881 -30 06 38.491 1.0
00 03 40.375 -29 52 58.517 1.0
00 03 39.875 -29 39 20.536 1.0
00 03 39.380 -29 25 40.535 1.0
00 03 38.892 -29 12 02.501 1.0
00 03 38.409 -28 58 22.421 1.0
00 04 46.757 -31 01 06.976 1.0
00 04 46.076 -30 47 26.919 1.0
00 04 45.403 -30 33 48.906 1.0
00 04 44.737 -30 20 08.925 1.0
00 04 44.080 -30 06 30.962 1.0
00 04 43.429 -29 52 51.006 1.0
00 04 42.787 -29 39 13.041 1.0
00 04 42.150 -29 25 33.057 1.0
00 04 41.522 -29 11 55.040 1.0
00 04 40.901 -28 58 14.976 1.0
